Theme:
  Colors:
    Text: [0.753000021, 0.753000021, 0.753000021, 1]
    WindowBackground: [0.100000001, 0.104999997, 0.109999999, 1]
    ChildBackground: [0.141000003, 0.141000003, 0.141000003, 1]
    BackgroundPopup: [0.195999995, 0.195999995, 0.195999995, 1]
    Border: [0.101999998, 0.101999998, 0.101999998, 1]
    FrameBackground: [0.0588000007, 0.0588000007, 0.0588000007, 1]
    FrameBackgroundHovered: [0.0588000007, 0.0588000007, 0.0588000007, 1]
    FrameBackgroundActive: [0.0588000007, 0.0588000007, 0.0588000007, 1]
    TitleBar: [0.0824000016, 0.0824000016, 0.0824000016, 1]
    TitleBarActive: [0.0824000016, 0.0824000016, 0.0824000016, 1]
    TitleBarCollapsed: [0.150000006, 0.1505, 0.150999993, 1]
    MenubarBackground: [0, 0, 0, 0]
    ScrollbarBackground: [0.0199999996, 0.0199999996, 0.0199999996, 0.529999971]
    ScrollbarGrab: [0.310000002, 0.310000002, 0.310000002, 1]
    ScrollbarGrabHovered: [0.409999996, 0.409999996, 0.409999996, 1]
    ScrollbarGrabActive: [0.50999999, 0.50999999, 0.50999999, 1]
    CheckMark: [0.753000021, 0.753000021, 0.753000021, 1]
    SliderGrab: [0.50999999, 0.50999999, 0.50999999, 0.699999988]
    SliderGrabActive: [0.660000026, 0.660000026, 0.660000026, 1]
    Button: [0.219999999, 0.219999999, 0.219999999, 0.783999979]
    ButtonHovered: [0.275000006, 0.275000006, 0.275000006, 1]
    ButtonActive: [0.219999999, 0.219999999, 0.219999999, 0.588]
    GroupHeader: [0.184, 0.184, 0.184, 1]
    GroupHeaderHovered: [0.184, 0.184, 0.184, 1]
    GroupHeaderActive: [0.184, 0.184, 0.184, 1]
    Separator: [0.101999998, 0.101999998, 0.101999998, 1]
    SeparatorActive: [0.152999997, 0.725000024, 0.949000001, 1]
    SeparatorHovered: [0.152999997, 0.725000024, 0.949000001, 0.588]
    ResizeGrip: [0.910000026, 0.910000026, 0.910000026, 0.25]
    ResizeGripHovered: [0.810000002, 0.810000002, 0.810000002, 0.670000017]
    ResizeGripActive: [0.460000008, 0.460000008, 0.460000008, 0.949999988]
    TabHovered: [0.149000004, 0.157000005, 0.0759999976, 1]
    Tab: [0.0824000016, 0.0824000016, 0.0824000016, 1]
    TabSelected: [0.050999999, 0.050999999, 0.050999999, 1]
    TabSelectedOverline: [0.898000002, 0.70599997, 0.050999999, 1]
    TabDimmed: [0.0824000016, 0.0824000016, 0.0824000016, 1]
    tabDimmedSelected: [0.0719999969, 0.0719999969, 0.0719999969, 1]
    TabDimmedSelectedOverline: [0.338999987, 0.32100001, 0.209999993, 1]
    DockingPreview: [0.898000002, 0.70599997, 0.050999999, 0.670000017]
    DockingEmptyBackground: [0.200000003, 0.200000003, 0.200000003, 1]
    Highlight: [0.152999997, 0.725000024, 0.949000001, 1]
    PropertyField: [0.0588000007, 0.0588000007, 0.0588000007, 1]
  Frame:
    WindowRounding: 7
    FrameRounding: 2.5
    FrameBorderSize: 1
    IndentSpacing: 11
  Tab:
    Rounding: 10
    Overline: 1
    Border: 1
  Controls:
    Rounding: 9